28 0.197265625 0.484375 0.07421875 0.203125 
10 0.2890625 0.48697916666666663 0.07421875 0.203125 
28 0.078125 0.5364583333333333 0.01953125 0.05208333333333333 
20 0.10546875 0.5364583333333333 0.01953125 0.05208333333333333 
24 0.146484375 0.6119791666666666 0.01171875 0.020833333333333332 
25 0.1630859375 0.6119791666666666 0.009765625 0.020833333333333332 
14 0.1806640625 0.6119791666666666 0.009765625 0.020833333333333332 
21 0.19921875 0.6119791666666666 0.01171875 0.020833333333333332 
22 0.2666015625 0.6080729166666666 0.025390625 0.04427083333333333 
22 0.3310546875 0.62109375 0.025390625 0.04427083333333333 
29 0.4072265625 0.6263020833333333 0.013671875 0.0390625 
24 0.42578125 0.6263020833333333 0.015625 0.0390625 
25 0.4453125 0.6263020833333333 0.01171875 0.0390625 
24 0.46484375 0.6263020833333333 0.015625 0.0390625 
21 0.484375 0.62890625 0.01171875 0.0390625 
12 0.5009765625 0.62890625 0.013671875 0.0390625 
10 0.521484375 0.62890625 0.015625 0.0390625 
23 0.5400390625 0.62890625 0.013671875 0.0390625 
34 0.55859375 0.62890625 0.015625 0.0390625 
8 0.642578125 0.6354166666666666 0.01953125 0.03125 
0 0.66796875 0.6354166666666666 0.01171875 0.03125 
5 0.71875 0.6354166666666666 0.0078125 0.03125 
3 0.7353515625 0.6380208333333333 0.009765625 0.03125 
2 0.75 0.6380208333333333 0.0078125 0.03125 
0 0.765625 0.6380208333333333 0.0078125 0.03125 
6 0.787109375 0.6380208333333333 0.01171875 0.03125 
0 0.8017578125 0.6380208333333333 0.009765625 0.03125 
2 0.81640625 0.640625 0.01171875 0.03125 
3 0.8408203125 0.640625 0.009765625 0.03125 